328,
322,
156,
111,
53,
42,
19,
23,
11,
8,
7,
0,
1,
0,
-2,
-9,
6,
-16,
12,
-11,
20,
-22,
13,
-26,
34,
-49,
57,
-37,
177,
-4087,
-11403,
-15403,
-16403,
-14868,
-12426,
-9764,
-7492,
-5499,
-4052,
-2911,
-2131,
-1524,
-1123,
-806,
-597,
-417,
-314,
-232,
-180,
-131,
-101,
-71,
-54,
-50,
-31,
-36,
-20,
-31,
-12,
-33,
2,
-36,
9,
-41,
27,
-47,
51,
-79,
66,
-281,
4378,
13297,
18118,
19435,
18021,
15392,
12423,
9847,
7425,
5668,
4227,
3156,
2335,
1771,
1305,
989,
736,
571,
422,
329,
246,
194,
150,
119,
92,
76,
62,
50,
49,
31,
36,
21,
34,
6,
23,
-15,
32,
-22,
46,
-27,
138,
-2829,
-7900,
-10480,
-11030,
-10113,
-8662,
-7079,
-5685,
-4419,
-3432,
-2599,
-1979,
-1481,
-1117,
-838,
-635,
-485,
-369,
-287,
-213,
-174,
-132,
-112,
-80,
-79,
-45,
-57,
-24,
-44,
-12,
-44,
-4,
-38,
7,
-35,
17,
-49,
36,
-62,
44,
-159,
3452,
9397,
12343,
12840,
11698,
10001,
8141,
6619,
5273,
4162,
3247,
2590,
2050,
1639,
1301,
1044,
839,
660,
523,
422,
349,
274,
238,
178,
159,
111,
110,
70,
76,
33,
54,
17,
50,
1,
53,
-13,
52,
-42,
70,
-41,
200,
-3654,
-10170,
-13416,
-14074,
-12986,
-11252,
-9296,
-7541,
-5937,
-4744,
-3672,
-2899,
-2243,
-1768,
-1368,
-1090,
-831,
-674,
-505,
-416,
-321,
-271,
-208,
-183,
-133,
-126,
-85,
-86,
-48,
-59,
-21,
-46,
-10,
-36,
5,
-38,
13,
-41,
38,
-50,
172,
-2587,
-7730,
-10466,
-11133,
-10308,
-9053,
-7631,
-6298,
-5149,
-4209,
-3402,
-2736,
-2189,
-1747,
-1418,
-1147,
-931,
-739,
-609,
-480,
-407,
-319,
-284,
-206,
-200,
-131,
-137,
-81,
-105,
-41,
-82,
-12,
-72,
12,
-71,
36,
-79,
75,
-122,
124,
-493,
4427,
16431,
23441,
25318,
23761,
20891,
17727,
14725,
11846,
9574,
7670,
6143,
4904,
3958,
3179,
2540,
2039,
1629,
1313,
1035,
860,
679,
577,
445,
393,
285,
268,
183,
191,
111,
149,
68,
124,
26,
109,
-6,
112,
-49,
145,
-105,
514,
-4258,
-15901,
-22646,
-24535,
-22872,
-20147,
-17115,
-14286,
-11714,
-9627,
-7919,
-6424,
-5265,
-4299,
-3508,
-2817,
-2325,
-1875,
-1562,
-1252,
-1067,
-836,
-726,
-556,
-506,
-371,
-349,
-244,
-256,
-158,
-189,
-94,
-153,
-56,
-127,
-15,
-117,
37,
-129,
101,
-473,
2984,
13877,
21014,
23363,
22485,
20081,
17268,
14425,
11923,
9674,
7845,
6361,
5153,
4147,
3379,
2736,
2236,
1778,
1482,
1190,
1000,
786,
688,
539,
474,
355,
332,
235,
235,
163,
175,
97,
125,
54,
99,
30,
99,
5,
102,
-29,
278,
-1566,
-7236,
-10928,
-11994,
-11414,
-10068,
-8505,
-7006,
-5748,
-4665,
-3764,
-3031,
-2449,
-1968,
-1584,
-1275,
-1027,
-822,
-689,
-548,
-458,
-368,
-313,
-240,
-210,
-168,
-139,
-111,
-101,
-75,
-66,
-43,
-44,
-32,
-33,
-19,
-22,
-6,
-20,
-7,
-26,
100,
468,
700,
759,
718,
619,
524,
434,
355,
294,
243,
194,
158,
131,
98,
92,
68,
61,
45,
45,
32,
37,
20,
24,
12,
24,
8,
22,
4,
23,
-1,
24,
-1,
27,
-6,
26,
-18,
39,
-31,
49,
-178,
1223,
5803,
8778,
9631,
9128,
8074,
6921,
5753,
4647,
3717,
2989,
2402,
1975,
1615,
1328,
1070,
889,
735,
628,
497,
426,
349,
327,
300,
316,
277,
264,
201,
181,
125,
121,
69,
82,
32,
56,
7,
45,
-22,
55,
-44,
198,
-1181,
-5670,
-8576,
-9456,
-9044,
-8083,
-6808,
-5667,
-4684,
-3810,
-3120,
-2554,
-2094,
-1680,
-1368,
-1075,
-876,
-689,
-577,
-458,
-394,
-314,
-324,
-306,
-329,
-291,
-291,
-220,
-204,
-133,
-129,
-73,
-85,
-33,
-61,
-9,
-46,
10,
-52,
35,
-177,
961,
5224,
8216,
9100,
8843,
7909,
6767,
5612,
4567,
3769,
3107,
2566,
2155,
1790,
1487,
1195,
979,
765,
642,
492,
424,
341,
326,
283,
290,
244,
232,
177,
165,
111,
112,
41,
9,
-72,
-79,
-128,
-77,
-104,
-17,
-79,
139,
-868,
-5261,
-8490,
-9446,
-9117,
-8132,
-6926,
-5741,
-4763,
-3939,
-3331,
-2811,
-2391,
-1968,
-1654,
-1338,
-1105,
-876,
-750,
-613,
-576,
-508,
-516,
-461,
-455,
-372,
-342,
-239,
-221,
-146,
-132,
-46,
-13,
89,
92,
154,
99,
136,
46,
112,
-136,
937,
6388,
10659,
11992,
11650,
10414,
8991,
7544,
6365,
5373,
4561,
3798,
3211,
2666,
2266,
1857,
1559,
1230,
1034,
855,
823,
762,
787,
726,
703,
588,
532,
408,
363,
256,
242,
147,
118,
25,
31,
-38,
6,
-45,
38,
-58,
263,
-1315,
-9608,
-16066,
-18084,
-17720,
-15871,
-13832,
-11876,
-10120,
-8501,
-7229,
-6059,
-5051,
-4246,
-3577,
-2963,
-2465,
-1985,
-1644,
-1359,
-1217,
-1066,
-951,
-783,
-665,
-535,
-484,
-433,
-425,
-400,
-404,
-346,
-285,
-188,
-129,
-68,
-47,
-20,
-21,
-1,
-69,
283,
3166,
5804,
6664,
6564,
5845,
5077,
4310,
3676,
3108,
2669,
2277,
1943,
1626,
1357,
1116,
915,
733,
577,
506,
462,
447,
364,
282,
151,
144,
123,
252,
188,
2956,
7287,
9147,
9477,
8626,
7492,
6037,
4968,
3338,
-1090,
-4728,
-6051,
-6246,
-5633,
-5008,
-4101,
-3622,
-899,
3861,
6423,
7193,
6846,
6142,
5252,
4521,
3248,
-4081,
-11428,
-14158,
-14435,
-13110,
-11594,
-9811,
-8483,
-6229,
-2468,
176,
1413,
1802,
1730,
1476,
1212,
982,
4628,
9766,
11727,
12245,
11410,
10543,
9039,
8240,
4826,
-5505,
-13344,
-16064,
-16234,
-14658,
-13032,
-10989,
-9695,
-3851,
5087,
9897,
11559,
11204,
9982,
8665,
7375,
6421,
6933,
7504,
7111,
6479,
5518,
4753,
3814,
3471,
667,
-5060,
-8349,
-9313,
-8890,
-7859,
-6735,
-5575,
-4533,
-2282,
-156,
857,
1083,
1059,
804,
697,
339,
1172,
4267,
6388,
6900,
6686,
5921,
5199,
4271,
3705,
-113,
-5263,
-7736,
-8339,
-7854,
-6950,
-6028,
-4924,
-4838,
-8138,
-10910,
-11304,
-10642,
-9304,
-8241,
-6954,
-6366,
-2068,
5699,
10046,
11455,
11017,
9891,
8431,
7043,
5763,
2419,
-749,
-2290,
-2743,
-2719,
-2346,
-2081,
-1416,
-2786,
-7314,
-10135,
-10823,
-10257,
-8999,
-7842,
-6564,
-5580,
2372,
12779,
17538,
18636,
17317,
15376,
13095,
11036,
9164,
8003,
6948,
5996,
5149,
4416,
3866,
3257,
2958,
-577,
-6484,
-9355,
-10191,
-9489,
-8433,
-7121,
-6257,
-5190,
-3050,
-981,
25,
579,
650,
681,
492,
436,
-56,
-823,
-1296,
-1381,
-1384,
-1244,
-1165,
-995,
-849,
702,
2354,
3062,
3090,
2811,
2383,
2129,
1749,
2418,
5305,
7139,
7520,
7050,
6299,
5516,
4758,
4113,
3257,
2303,
1587,
1039,
566,
248,
-17,
138,
-1139,
-8758,
-15137,
-17484,
-16867,
-14779,
-12681,
-10385,
-8716,
-5790,
-1546,
1123,
2431,
2819,
2765,
2390,
1932,
1420,
866,
467,
324,
253,
165,
12,
-117,
-198,
106,
999,
1513,
1608,
1369,
1052,
651,
358,
85,
2445,
6053,
8012,
8791,
8343,
7529,
6274,
5300,
3392,
-1432,
-5430,
-7044,
-7278,
-6561,
-5741,
-4632,
-4043,
-352,
5860,
9195,
10346,
9820,
8611,
7214,
5885,
4555,
1919,
-568,
-1845,
-2212,
-2108,
-1804,
-1574,
-1150,
-2140,
-5288,
-7079,
-7404,
-6598,
-5585,
-4497,
-3477,
-2797,
-2767,
-3027,
-3200,
-3175,
-2945,
-2564,
-2135,
-1775,
-1129,
410,
1546,
2030,
2029,
1797,
1535,
1316,
1154,
231,
-1207,
-1904,
-2148,
-1977,
-1765,
-1395,
-1176,
-396,
2799,
5685,
6723,
6741,
5922,
5117,
3989,
3385,
-395,
-7544,
-11633,
-12789,
-12105,
-10779,
-9003,
-7303,
-5257,
1379,
8528,
11734,
12705,
11818,
10495,
8546,
7283,
3857,
-3612,
-8794,
-10596,
-10528,
-9379,
-8235,
-6813,
-5548,
-146,
7050,
10508,
11519,
10788,
9617,
8063,
6789,
3985,
-4598,
-11430,
-13940,
-13950,
-12335,
-10653,
-8579,
-7296,
-1978,
7159,
12270,
13923,
13281,
11824,
9741,
8022,
5681,
-2360,
-10271,
-13456,
-14235,
-12952,
-11639,
-9789,
-8884,
-4149,
6483,
13456,
15789,
15551,
13934,
11881,
9693,
7874,
5229,
2602,
942,
160,
-238,
-176,
-223,
270,
-1649,
-9807,
-15903,
-17857,
-17365,
-15488,
-13431,
-11061,
-9542,
-1902,
10130,
16160,
18242,
17350,
15882,
13559,
11664,
8584,
-2312,
-12148,
-16108,
-16912,
-15160,
-13215,
-10769,
-9499,
-3663,
7706,
14724,
17153,
16776,
15052,
12784,
10578,
8404,
1942,
-4803,
-7792,
-8722,
-8376,
-7578,
-6551,
-5509,
-4926,
-5463,
-5704,
-5450,
-4975,
-4330,
-3761,
-3069,
-2746,
2336,
9914,
13344,
14279,
13092,
11628,
9657,
8381,
5445,
-3905,
-11582,
-14413,
-14827,
-13566,
-12211,
-10421,
-9664,
-4272,
5536,
11036,
13144,
12995,
12040,
10802,
9677,
7830,
-659,
-9213,
-12551,
-13346,
-12121,
-10938,
-9178,
-8377,
-3982,
6598,
13281,
15555,
15392,
14057,
12301,
10243,
8515,
3427,
-2533,
-5385,
-6355,
-6017,
-5347,
-4363,
-3730,
-2172,
2457,
5902,
6999,
6889,
6241,
5756,
5199,
4827,
1822,
-3235,
-5892,
-7003,
-6919,
-6516,
-5729,
-5166,
-3899,
1639,
7039,
9134,
9651,
8705,
7789,
6336,
5763,
1179,
-8444,
-14006,
-15719,
-15174,
-13573,
-11691,
-9699,
-7891,
-3933,
231,
2344,
3149,
3153,
2809,
2441,
1830,
2516,
6548,
9363,
10013,
9390,
8127,
6833,
5728,
5004,
1877,
-2658,
-4809,
-5566,
-5266,
-4796,
-4063,
-3565,
-2391,
1853,
5603,
6897,
7235,
6711,
6266,
5356,
5149,
775,
-7908,
-12697,
-14166,
-13645,
-12492,
-11054,
-9644,
-8184,
-4875,
-1510,
314,
1056,
1173,
955,
771,
285,
1827,
7386,
10941,
11891,
11295,
9870,
8438,
6958,
5893,
-1556,
-11574,
-16024,
-17172,
-15873,
-14123,
-11840,
-10227,
-7038,
1481,
8308,
10873,
11116,
9962,
8485,
6924,
5578,
5231,
6139,
6366,
6430,
6076,
5700,
5096,
4713,
3740,
-1096,
-5763,
-7397,
-7579,
-6671,
-5796,
-4747,
-4185,
-2889,
-662,
971,
1757,
2067,
1971,
1723,
1376,
1193,
3285,
6047,
6886,
6851,
6038,
5287,
4307,
3807,
2003,
-2979,
-6316,
-7217,
-6874,
-5989,
-4989,
-4085,
-3236,
-5261,
-9190,
-10905,
-11353,
-10705,
-9927,
-8812,
-8063,
-6307,
278,
6014,
8108,
8586,
7925,
7309,
6314,
5630,
3402,
-150,
-2252,
-2929,
-2865,
-2395,
-1813,
-1127,
-814,
-4014,
-7807,
-9061,
-9201,
-8394,
-7696,
-6542,
-6249,
-2703,
7453,
14216,
16334,
15852,
14264,
12402,
10653,
9093,
8093,
7584,
7009,
6508,
5863,
5293,
4603,
4261,
2849,
-2649,
-7093,
-8782,
-8910,
-7916,
-6704,
-5336,
-4439,
-2869,
-881,
129,
356,
196,
-139,
-444,
-734,
-933,
-1524,
-1842,
-1652,
-1226,
-860,
-635,
-517,
-451,
329,
2295,
3317,
3602,
3279,
2892,
2368,
2092,
1797,
3874,
6503,
7528,
7419,
6683,
5753,
4791,
3869,
3024,
1815,
726,
-389,
-1123,
-1673,
-1577,
-1423,
-604,
-4711,
-11760,
-14625,
-14947,
-13520,
-11809,
-9990,
-8623,
-7095,
-3896,
-956,
499,
1301,
1547,
1657,
1516,
1397,
1108,
784,
319,
-40,
-407,
-618,
-816,
-875,
-938,
-296,
532,
1148,
1411,
1530,
1461,
1460,
1173,
2217,
5768,
8222,
9013,
8651,
7549,
6278,
4987,
4016,
567,
-3992,
-6302,
-7122,
-6762,
-5978,
-4835,
-4013,
-2352,
3003,
7302,
8787,
8659,
7564,
6336,
5005,
4021,
2346,
151,
-943,
-1231,
-1041,
-756,
-428,
-96,
-69,
-2534,
-5009,
-5816,
-5804,
-5297,
-4735,
-4302,
-4109,
-4035,
-4127,
-4009,
-3797,
-3498,
-3183,
-2778,
-2316,
-1797,
-445,
1223,
2182,
2668,
2622,
2391,
2010,
1816,
1299,
20,
-882,
-1046,
-933,
-591,
-375,
-107,
-182,
1538,
4372,
5421,
5362,
4614,
3779,
2837,
2184,
788,
-4913,
-9593,
-10759,
-10242,
-8643,
-7074,
-5408,
-4566,
-1167,
5544,
9461,
10835,
10499,
9446,
8126,
6864,
5467,
-285,
-6708,
-9566,
-10447,
-9679,
-8664,
-7231,
-6497,
-3976,
2525,
7097,
8673,
8701,
7731,
6715,
5574,
4917,
-625,
-8435,
-11947,
-12825,
-11900,
-10600,
-8858,
-7754,
-5412,
2409,
9067,
11543,
11899,
10850,
9679,
7990,
6995,
1948,
-6583,
-11343,
-13013,
-12774,
-11751,
-10358,
-9060,
-7281,
1244,
10086,
13968,
15029,
14078,
12704,
11077,
9762,
7889,
5265,
3317,
2113,
1403,
924,
688,
529,
499,
-5135,
-12765,
-15952,
-16789,
-15593,
-13990,
-11824,
-10576,
-6967,
4024,
12679,
15951,
16475,
14948,
13326,
11201,
10166,
3223,
-8143,
-14070,
-16119,
-15461,
-13893,
-11878,
-10224,
-7658,
2062,
11284,
14952,
16116,
14881,
13351,
11311,
9820,
5567,
-2016,
-6728,
-8523,
-8667,
-8057,
-7256,
-6265,
-5241,
-5107,
-5271,
-4783,
-4291,
-3516,
-2870,
-1969,
-1659,
791,
8529,
13995,
15400,
14848,
13089,
11238,
8994,
7373,
304,
-9767,
-14692,
-16305,
-15421,
-13737,
-11386,
-9620,
-6737,
2497,
10429,
13369,
13613,
11980,
10514,
8371,
7407,
2270,
-7334,
-12532,
-13953,
-13203,
-11765,
-10322,
-9165,
-7778,
692,
10023,
13709,
14483,
13158,
11597,
9478,
7754,
4465,
-1649,
-5566,
-6732,
-6607,
-5804,
-4941,
-3840,
-2905,
789,
5392,
7267,
7471,
6629,
5643,
4468,
3651,
2137,
-2277,
-5535,
-6413,
-6245,
-5369,
-4536,
-3471,
-2983,
499,
6537,
9382,
9996,
9158,
7937,
6538,
5409,
3672,
-4422,
-11908,
-14330,
-14150,
-12214,
-10053,
-7757,
-6382,
-4165,
-493,
1585,
2197,
2086,
1728,
1207,
716,
374,
3374,
7672,
9601,
10161,
9562,
8690,
7368,
6149,
3735,
-1432,
-5457,
-7260,
-7880,
-7623,
-7062,
-6031,
-5184,
-1710,
3531,
6463,
7653,
7558,
7095,
6228,
5378,
3270,
-4903,
-12203,
-15121,
-15555,
-14345,
-12680,
-10537,
-8710,
-5798,
-1917,
363,
1179,
1291,
1164,
1034,
860,
907,
4969,
10048,
12106,
12758,
11991,
11177,
9697,
9013,
5164,
-5011,
-11978,
-14381,
-14389,
-12993,
-11436,
-9508,
-8119,
-1829,
6709,
10970,
12304,
11776,
10569,
9182,
7750,
6652,
6962,
7119,
6540,
5780,
4781,
4036,
3241,
3200,
634,
-4392,
-7017,
-7800,
-7386,
-6542,
-5776,
-5253,
-4833,
-3098,
-1255,
-95,
414,
559,
488,
656,
553,
1592,
4434,
5915,
5866,
5194,
4246,
3530,
2829,
2506,
-1064,
-5379,
-6984,
-6972,
-6163,
-5100,
-4117,
-3022,
-3205,
-6807,
-9728,
-10861,
-11135,
-10688,
-10131,
-9093,
-8392,
-3554,
4198,
8428,
10152,
10246,
9772,
8990,
8240,
7157,
3717,
545,
-1006,
-1469,
-1459,
-1115,
-844,
-262,
-1977,
-6410,
-8822,
-9377,
-8953,
-8227,
-7718,
-7312,
-6824,
852,
9962,
13804,
14678,
13576,
12097,
10392,
9026,
8055,
7911,
7759,
7481,
6985,
6311,
5509,
4534,
3756,
-306,
-6144,
-8975,
-10160,
-10008,
-9588,
-8699,
-7758,
-6218,
-3572,
-1180,
-9,
545,
559,
652,
671,
919,
600,
-163,
-701,
-709,
-594,
-433,
-580,
-823,
-1118,
143,
1576,
2353,
2680,
2904,
2868,
2814,
2425,
3180,
5923,
7549,
7801,
7214,
6255,
5229,
4231,
3521,
2735,
1953,
1373,
1118,
1011,
1055,
854,
893,
-1036,
-8600,
-13735,
-14889,
-13929,
-12125,
-10376,
-8669,
-7348,
-4850,
-1654,
-225,
87,
-190,
-428,
-663,
-847,
-985,
-1058,
-1146,
-991,
-605,
50,
692,
1186,
1262,
1367,
1830,
2069,
1988,
1667,
1267,
833,
448,
276,
2689,
5774,
7022,
7380,
6982,
6524,
5806,
5396,
3566,
-1030,
-4541,
-6009,
-6243,
-5657,
-5127,
-4520,
-4152,
-379,
5079,
7638,
8279,
7754,
7183,
6665,
6321,
5569,
3495,
1753,
956,
673,
463,
230,
-58,
-13,
-1444,
-4558,
-6292,
-7053,
-7009,
-6607,
-5849,
-5035,
-4166,
-3661,
-3383,
-3270,
-3179,
-3071,
-2877,
-2584,
-2317,
-1695,
-281,
722,
1285,
1463,
1454,
1244,
1038,
874,
41,
-1085,
-1554,
-1793,
-1723,
-1698,
-1534,
-1620,
-905,
1889,
3851,
4267,
4065,
3462,
3089,
2578,
2453,
-1038,
-6566,
-8673,
-8653,
-7360,
-6198,
-5171,
-4611,
-3460,
1919,
6911,
8701,
9059,
8371,
7749,
6729,
6242,
2912,
-3647,
-7628,
-9277,
-9500,
-8969,
-8161,
-7307,
-6324,
-1029,
5223,
8271,
9586,
9387,
8807,
7672,
7146,
4415,
-3183,
-8328,
-10194,
-10308,
-9421,
-8366,
-7119,
-6435,
-1629,
5481,
8558,
9493,
8759,
7884,
6731,
6116,
4162,
-2999,
-9178,
-11570,
-12313,
-11416,
-10392,
-8723,
-7806,
-2470,
7047,
12493,
14558,
14375,
13071,
11339,
9450,
7563,
4761,
2324,
905,
355,
193,
441,
456,
1102,
-1160,
-8589,
-13205,
-14838,
-14730,
-13643,
-12328,
-10724,
-9413,
-1592,
8789,
13524,
15416,
14878,
13851,
11955,
10670,
7042,
-3508,
-11405,
-14054,
-14413,
-13122,
-11759,
-9729,
-8610,
-2547,
7352,
12311,
13873,
13370,
12195,
10650,
9138,
7094,
744,
-5153,
-7693,
-8415,
-8021,
-7296,
-6361,
-5246,
-4533,
-4648,
-4334,
-3842,
-3277,
-2701,
-2199,
-1893,
-1818,
2947,
8847,
10802,
11201,
10267,
9418,
8119,
7637,
4724,
-4022,
-10188,
-12346,
-12599,
-11665,
-10790,
-9594,
-9019,
-3360,
5324,
9321,
10628,
10101,
9271,
8270,
7930,
6523,
-987,
-7383,
-9386,
-9686,
-8696,
-8033,
-7043,
-6975,
-2566,
6687,
11475,
12686,
11954,
10756,
9524,
8483,
7326,
2767,
-1980,
-3796,
-4181,
-3681,
-3271,
-2636,
-2283,
-530,
3681,
6153,
6763,
6576,
6075,
5546,
4772,
3977,
514,
-3814,
-5512,
-6080,
-5751,
-5450,
-4793,
-4330,
-2517,
3079,
7340,
8512,
8422,
7224,
6244,
4882,
4354,
-559,
-8761,
-12420,
-13139,
-12251,
-11033,
-9834,
-8800,
-7608,
-4212,
-945,
683,
1384,
1602,
1604,
1701,
1651,
3138,
7018,
8901,
9167,
8522,
7536,
6451,
5315,
4147,
578,
-3492,
-5155,
-5625,
-5058,
-4446,
-3613,
-3187,
-1701,
2553,
5848,
7093,
7400,
6929,
6536,
5688,
5196,
45,
-7900,
-11714,
-12909,
-12404,
-11564,
-10473,
-9421,
-7927,
-4544,
-1468,
117,
878,
1314,
1615,
1839,
1447,
3005,
7428,
9517,
10015,
9480,
8554,
7402,
6387,
5336,
-1776,
-9690,
-12679,
-13592,
-12626,
-11426,
-9552,
-8455,
-5355,
2122,
7098,
8676,
8640,
7732,
6728,
5640,
4647,
4603,
5324,
5273,
5183,
4711,
4341,
3804,
3714,
2799,
-1624,
-5437,
-6900,
-7178,
-6297,
-5311,
-4215,
-3630,
-2262,
-208,
1273,
1916,
1906,
1357,
822,
304,
268,
2404,
4489,
4815,
4793,
4467,
4439,
4055,
3909,
1680,
-3245,
-6099,
-6901,
-6690,
-6074,
-5314,
-4528,
-3689,
-5542,
-8544,
-9602,
-10079,
-9837,
-9656,
-8891,
-8412,
-6310,
357,
5545,
7653,
8450,
8274,
7959,
7062,
6389,
4040,
850,
-866,
-1478,
-1635,
-1469,
-1123,
-306,
59,
-2853,
-5725,
-6486,
-6655,
-6076,
-5854,
-5363,
-5909,
-2623,
5943,
10593,
12014,
11701,
10852,
9895,
9053,
8376,
8164,
8162,
7925,
7626,
7169,
6702,
5952,
5467,
3450,
-2097,
-5934,
-7579,
-8116,
-8041,
-7605,
-6848,
-6063,
-4249,
-1932,
-537,
227,
555,
558,
284,
42,
-238,
-988,
-1562,
-1597,
-1258,
-746,
-318,
-44,
-84,
496,
1930,
2532,
2586,
2093,
1485,
820,
494,
446,
2788,
5239,
6244,
6413,
6158,
5742,
5234,
4619,
3912,
2771,
1748,
892,
491,
154,
158,
-29,
33,
-4829,
-10917,
-12688,
-12501,
-11090,
-9730,
-8275,
-7163,
-5694,
-2885,
-999,
-579,
-758,
-1237,
-1466,
-1569,
-1394,
-1180,
-912,
-663,
-214,
399,
1108,
1539,
1691,
1520,
1759,
1995,
2127,
1929,
1516,
826,
307,
-254,
824,
4068,
6021,
6628,
6463,
5986,
5502,
5017,
4367,
982,
-3181,
-5278,
-6149,
-5940,
-5538,
-4970,
-4778,
-3147,
1928,
5453,
6614,
6540,
5927,
5417,
4991,
4682,
3301,
1504,
783,
731,
894,
848,
623,
455,
52,
-2577,
-4987,
-6142,
-6445,
-6037,
-5241,
-4310,
-3505,
-3000,
-2799,
-2504,
-2268,
-2139,
-2167,
-2221,
-2272,
-2241,
-1434,
-444,
58,
397,
473,
534,
489,
667,
586,
-110,
-528,
-665,
-717,
-604,
-583,
-547,
-732,
876,
3142,
3878,
4031,
3750,
3670,
3637,
4023,
3214,
-1688,
-5357,
-6454,
-6422,
-5792,
-5518,
-5262,
-5516,
-2591,
3097,
6078,
7212,
7016,
6556,
6032,
5844,
5026,
-123,
-5363,
-7651,
-8604,
-8366,
-8089,
-7381,
-7150,
-4412,
1894,
6079,
7948,
8498,
8240,
7762,
7039,
6339,
716,
-6090,
-9085,
-10215,
-9875,
-9329,
-8326,
-7813,
-5499,
1602,
6743,
8525,
8687,
7869,
7208,
6318,
5865,
1048,
-6295,
-9788,
-10868,
-10292,
-9415,
-8415,
-7681,
-5735,
2613,
10117,
13158,
13820,
12859,
11679,
10251,
9016,
7020,
4337,
2371,
1356,
1065,
1040,
984,
925,
632,
-5063,
-11319,
-13437,
-14048,
-13208,
-12302,
-10714,
-9897,
-6031,
4177,
10955,
13435,
13924,
13069,
11909,
10226,
9056,
1686,
-8220,
-12423,
-13676,
-12933,
-11844,
-10139,
-8942,
-6393,
2568,
9934,
12612,
13299,
12565,
11748,
10198,
9089,
4988,
-1662,
-5374,
-6854,
-7125,
-6970,
-6606,
-5922,
-5124,
-5080,
-5063,
-4396,
-3744,
-2808,
-2099,
-1278,
-1333,
875,
7307,
10895,
11601,
10845,
9434,
8162,
7054,
6429,
164,
-7937,
-11388,
-12670,
-12164,
-11511,
-10409,
-9939,
-7570,
720,
7006,
9293,
10032,
9689,
9554,
8992,
9039,
4174,
-4026,
-7802,
-9117,
-9077,
-8990,
-8801,
-8752,
-7677,
209,
7614,
10196,
10891,
10414,
10161,
9390,
8865,
5997,
605,
-2489,
-3435,
-3549,
-3544,
-3726,
-3650,
-3248,
215,
4087,
5595,
6019,
5843,
5835,
5647,
5530,
3847,
-791,
-3967,
-5221,
-5496,
-5221,
-4996,
-4513,
-4045,
-53,
5633,
8040,
8592,
7681,
6606,
5503,
4989,
3139,
-4786,
-11176,
-13175,
-13012,
-11480,
-10075,
-8735,
-7963,
-5661,
-1796,
694,
1879,
2149,
1965,
1661,
1520,
1689,
4751,
7722,
8196,
7778,
6828,
6084,
5128,
4462,
2445,
-1799,
-4413,
-5243,
-5268,
-4959,
-4712,
-4304,
-3853,
-560,
3870,
5976,
6746,
6502,
6223,
5740,
5600,
3633,
-3987,
-9888,
-12016,
-12231,
-11424,
-10575,
-9496,
-8584,
-6120,
-2612,
-512,
428,
832,
1098,
1331,
1272,
1417,
5129,
8809,
9835,
9913,
8909,
7976,
6494,
6040,
2169,
-6614,
-11529,
-12885,
-12323,
-10884,
-9432,
-7931,
-6843,
-1136,
5599,
8329,
8851,
8005,
6923,
5836,
4826,
4293,
5092,
5624,
5672,
5571,
5135,
4686,
4042,
3809,
712,
-4255,
-6792,
-7778,
-7447,
-6536,
-5338,
-4287,
-3184,
-933,
1182,
2460,
2954,
2803,
2088,
1344,
499,
1333,
3856,
4966,
5100,
4946,
4759,
4634,
4303,
3615,
-549,
-4777,
-6392,
-6610,
-6097,
-5283,
-4458,
-3345,
-3524,
-6628,
-8681,
-9425,
-9679,
-9518,
-9298,
-8694,
-8291,
-3674,
3009,
6335,
7883,
8175,
8087,
7545,
6972,
5837,
2669,
92,
-1097,
-1456,
-1439,
-1031,
-563,
304,
-1194,
-4863,
-6542,
-7029,
-6834,
-6490,
-6277,
-6389,
-6226,
640,
7683,
10108,
10607,
9892,
9201,
8418,
7950,
7725,
8035,
8110,
7987,
7614,
7070,
6367,
5588,
4828,
728,
-4440,
-6688,
-7646,
-7553,
-7270,
-6518,
-5927,
-4793,
-2708,
-965,
-247,
124,
90,
-28,
-385,
-519,
-1041,
-1619,
-1786,
-1383,
-837,
-136,
429,
894,
1129,
2448,
3350,
3416,
2852,
2109,
1188,
546,
-123,
779,
3547,
5259,
5972,
6108,
5935,
5559,
4976,
4427,
3526,
2483,
1503,
904,
489,
478,
480,
954,
-859,
-7638,
-11559,
-12408,
-11846,
-10797,
-9717,
-8518,
-7420,
-5001,
-2115,
-951,
-632,
-894,
-1081,
-1189,
-1081,
-924,
-734,
-608,
-342,
74,
701,
1151,
1332,
1092,
1030,
1301,
1454,
1444,
1187,
752,
328,
17,
74,
2654,
5529,
6546,
6641,
5946,
5217,
4298,
3770,
1882,
-2343,
-5231,
-6316,
-6348,
-5697,
-5051,
-4343,
-3896,
-201,
4566,
6584,
7027,
6460,
5816,
5210,
4895,
4224,
2461,
1263,
973,
1094,
1138,
932,
435,
153,
-1592,
-4666,
-6313,
-6989,
-6752,
-6057,
-4986,
-3967,
-3063,
-2605,
-2172,
-1720,
-1284,
-1036,
-968,
-1064,
-1301,
-1162,
-269,
230,
492,
506,
470,
433,
574,
792,
348,
-374,
-595,
-758,
-661,
-671,
-621,
-899,
-412,
1973,
3525,
3856,
3827,
3548,
3605,
3607,
3985,
915,
-4166,
-6329,
-6962,
-6548,
-6158,
-5759,
-5759,
-4934,
87,
4630,
6296,
6731,
6215,
5852,
5234,
5185,
2295,
-3713,
-7242,
-8711,
-8943,
-8616,
-8116,
-7553,
-6743,
-1713,
4056,
6806,
8134,
8226,
8090,
7332,
6979,
4278,
-3024,
-7840,
-9681,
-9953,
-9377,
-8606,
-7535,
-6771,
-1771,
5255,
8219,
9070,
8307,
7550,
6495,
5994,
4031,
-2892,
-8492,
-10241,
-10289,
-9042,
-8097,
-6716,
-6103,
-993,
8065,
12899,
14387,
13789,
12433,
10921,
9366,
7812,
5226,
2845,
1405,
937,
822,
990,
880,
1347,
-1143,
-8330,
-12395,
-13725,
-13637,
-12811,
-11820,
-10624,
-9520,
-1928,
7766,
11906,
13541,
13054,
12256,
10652,
9747,
6379,
-3696,
-10990,
-13389,
-13723,
-12604,
-11497,
-9819,
-9058,
-3241,
6174,
10828,
12470,
12297,
11648,
10578,
9482,
7754,
1836,
-3495,
-5732,
-6538,
-6550,
-6455,
-6120,
-5512,
-5193,
-5477,
-5102,
-4394,
-3464,
-2457,
-1503,
-810,
-380,
4611,
10353,
12059,
12047,
10559,
9208,
7602,
7083,
4141,
-4315,
-10023,
-12012,
-12265,
-11449,
-10766,
-9909,
-9630,
-4119,
4211,
8051,
9641,
9623,
9533,
9234,
9397,
8007,
377,
-5951,
-8182,
-8994,
-8794,
-9033,
-8815,
-9248,
-4988,
3988,
8654,
10281,
10369,
10215,
9961,
9565,
8577,
4022,
-580,
-2353,
-2997,
-3062,
-3448,
-3595,
-3824,
-2248,
1948,
4529,
5441,
5624,
5638,
5681,
5492,
5025,
1567,
-2835,
-4740,
-5505,
-5290,
-5066,
-4434,
-3978,
-2013,
3659,
7821,
8964,
8770,
7479,
6427,
5081,
4528,
-704,
-9053,
-12856,
-13684,
-12627,
-11082,
-9476,
-8167,
-6754,
-3203,
90,
1700,
2254,
2173,
1829,
1577,
1205,
2494,
6126,
7686,
7707,
6995,
6215,
5516,
4832,
4019,
630,
-3240,
-4764,
-5271,
-4996,
-4856,
-4489,
-4377,
-2853,
1545,
4874,
6119,
6384,
5982,
5821,
5408,
5322,
314,
-7341,
-10923,
-12057,
-11599,
-10913,
-10005,
-9173,
-7750,
-4389,
-1434,
23,
699,
1117,
1452,
1782,
1551,
3373,
7904,
9979,
10467,
9808,
8795,
7500,
6422,
5179,
-2119,
-9793,
-12452,
-12949,
-11647,
-10380,
-8591,
-7655,
-4555,
2818,
7547,
8972,
8720,
7649,
6556,
5433,
4441,
4529,
5414,
5548,
5630,
5219,
4795,
4076,
3788,
2550,
-2161,
-6080,
-7665,
-8076,
-7338,
-6363,
-5089,
-4186,
-2410,
-9,
1707,
2521,
2646,
2084,
1324,
461,
207,
2260,
4324,
4736,
4818,
4550,
4554,
4190,
4047,
1747,
-3131,
-5890,
-6668,
-6424,
-5730,
-4854,
-3894,
-2964,
-4904,
-7956,
-9037,
-9491,
-9200,
-9022,
-8395,
-8197,
-6213,
386,
5465,
7608,
8488,
8392,
8127,
7361,
6818,
4488,
1309,
-439,
-1069,
-1215,
-965,
-609,
104,
151,
-3035,
-5950,
-6751,
-6964,
-6470,
-6369,
-6029,
-6733,
-3328,
5106,
9484,
10820,
10525,
9816,
9026,
8389,
7911,
7889,
7993,
7797,
7480,
6935,
6372,
5577,
5116,
3051,
-2380,
-5928,
-7350,
-7650,
-7386,
-6813,
-6089,
-5418,
-3807,
-1826,
-790,
-310,
-166,
-187,
-395,
-562,
-780,
-1407,
-1782,
-1606,
-1150,
-579,
-67,
403,
572,
1331,
2726,
3053,
2744,
2003,
1278,
578,
149,
28,
2350,
4814,
5978,
6359,
6232,
5798,
5166,
4466,
3752,
2663,
1704,
930,
645,
510,
749,
806,
900,
-4162,
-10355,
-12361,
-12558,
-11620,
-10672,
-9461,
-8394,
-6731,
-3609,
-1423,
-659,
-574,
-861,
-978,
-1043,
-893,
-730,
-520,
-349,
13,
555,
1186,
1478,
1467,
1179,
1361,
1529,
1622,
1448,
1114,
618,
353,
-2,
1228,
4455,
6262,
6706,
6341,
5686,
5014,
4404,
3698,
361,
-3518,
-5261,
-5813,
-5338,
-4749,
-3973,
-3671,
-1969,
2945,
6186,
7133,
6894,
6122,
5432,
4826,
4398,
3004,
1320,
694,
654,
774,
663,
331,
35,
-554,
-3342,
-5739,
-6794,
-6931,
-6352,
-5397,
-4335,
-3390,
-2778,
-2450,
-2091,
-1804,
-1612,
-1567,
-1611,
-1756,
-1863,
-1168,
-310,
61,
226,
106,
25,
-39,
206,
141,
-545,
-916,
-964,
-877,
-626,
-477,
-394,
-535,
1140,
3399,
4122,
4280,
4018,
3964,
3887,
4215,
3273,
-1708,
-5377,
-6563,
-6714,
-6323,
-6162,
-5897,
-6020,
-2900,
2859,
5828,
6986,
6854,
6470,
5936,
5674,
4733,
-467,
-5568,
-7703,
-8529,
-8194,
-7863,
-7140,
-6954,
-4251,
1902,
5865,
7616,
8132,
7926,
7524,
6851,
6135,
491,
-6172,
-9011,
-10058,
-9702,
-9192,
-8169,
-7609,
-5197,
1938,
6998,
8666,
8703,
7796,
7011,
5954,
5320,
385,
-6931,
-10286,
-11178,
-10413,
-9343,
-8070,
-7053,
-4897,
3490,
10841,
13625,
14028,
12887,
11535,
9898,
8491,
6414,
3736,
1831,
924,
757,
891,
1095,
1326,
1220,
-4402,
-10622,
-12792,
-13481,
-12751,
-12033,
-10726,
-10161,
-6423,
3730,
10506,
13022,
13513,
12658,
11585,
10065,
9043,
1756,
-8071,
-12264,
-13596,
-12922,
-11931,
-10399,
-9431,
-7021,
1891,
9232,
11943,
12673,
11993,
11267,
9906,
9040,
5187,
-1234,
-4773,
-6200,
-6489,
-6428,
-6217,
-5738,
-5153,
-5271,
-5377,
-4752,
-4041,
-3017,
-2158,
-1127,
-980,
1400,
7930,
11553,
12264,
11496,
10057,
8694,
7451,
6674,
348,
-7727,
-11105,
-12262,
-11616,
-10867,
-9781,
-9431,
-7221,
916,
7119,
9383,
10089,
9696,
9599,
9125,
9269,
4499,
-3691,
-7527,
-8967,
-9065,
-9101,
-9074,
-9181,
-8247,
-505,
6886,
9506,
10362,
10069,
10033,
9488,
9179,
